0 0.6172264125 0.2619281671875 0.61576535 0.281341821875 0.62081179375 0.312504584375 0.6642678171874999 0.398051175 0.699617128125 0.457246815625 0.7027757609374999 0.45634109218749996 0.7221813703125 0.43882041093749996 0.7250911671875 0.40015687968749997 0.7232006390625 0.393563825 0.6402972171875 0.250028059375 0.6172264125 0.2619281671875
0 0.7499247078125 0.323139896875 0.701272121875 0.222279959375 0.6763231859375 0.23135223906250002 0.6687750046875001 0.27680284843749997 0.6710086203125 0.28459239375 0.7439553515624999 0.4325618109375 0.75509870625 0.4478644375 0.759991575 0.4464614296875 0.78264165625 0.43616390625 0.7800202406250001 0.42100731874999997 0.7658817671875 0.3717006 0.7499247078125 0.323139896875
0 0.7556160281250001 0.1836392734375 0.753292078125 0.1684658015625 0.74807875 0.15028475937500002 0.7458251515625001 0.14559544375 0.7160459859375 0.17375190000000001 0.719950503125 0.2117445921875 0.7675733640625 0.3778252453125 0.7755050859375 0.3897993421875 0.784619696875 0.38718576875 0.7881339203125 0.3856013609375 0.7999997875 0.380251575 0.803761903125 0.36599127343750004 0.76960815 0.2253667046875 0.7602466328124999 0.1927192140625 0.7556160281250001 0.1836392734375
0 0.8085296671875 0.1660577671875 0.787244715625 0.17324043125 0.7698046171875 0.179605846875 0.767654346875 0.187400109375 0.7692782796875 0.1923008578125 0.7946310375000001 0.2514226796875 0.8563581125 0.419073975 0.8624450203125 0.4252417609375 0.8769222484375 0.4210904828125 0.8906333078124999 0.4084375734375 0.831606521875 0.2025867109375 0.8085296671875 0.1660577671875
0 0.8689719578125 0.12804346875 0.8586640546875 0.11854914218749998 0.8175496640625 0.10677789374999999 0.8257545328125 0.18820601406249998 0.83178963125 0.21367009218750002 0.8358643906250001 0.246668803125 0.8736210078125 0.3783417734375 0.8738824749999999 0.378507653125 0.9007401078124999 0.3799956078125 0.9105494406249999 0.3771828265625 0.9090074796875 0.3352201265625 0.872103509375 0.1389644796875 0.8689719578125 0.12804346875
0 1 0.34367033281250003 0.9796906640625 0.2524101328125 0.9369241718750001 0.10326565624999999 0.9335553000000001 0.0988424109375 0.91858445 0.0968647609375 0.8919379140625001 0.100182365625 0.8787041578125001 0.10048546875 0.8864413859375 0.154840975 0.9473319953124999 0.3762183140625 0.9921413109375001 0.38478859375 1 0.3825351515625 1 0.34367033281250003
0 1 0.295327175 0.9927924593749999 0.260421028125 0.9528261828125 0.11492516562499999 0.94815140625 0.0855163375 0.94259564375 0.0661410921875 0.938278525 0.057702075 0.9344090984375001 0.058811614062499996 0.9227459546875 0.0652626703125 1 0.334679546875 1 0.295327175
0 0.50899088125 0.6441354640625 0.5028360140625 0.6151790859374999 0.492182009375 0.578024159375 0.44182360000000004 0.43489664687499996 0.4296216359375 0.40698974374999997 0.41879500937499997 0.410094228125 0.3822501296875 0.43403933281249996 0.4130878796875 0.541583346875 0.451349740625 0.6576442734375 0.4630067234375 0.7031212921875001 0.46997572343750005 0.7171783234375 0.4771269328125 0.71684608125 0.47928269375 0.716227925 0.51039735625 0.677910225 0.50899088125 0.6441354640625
0 0.344769975 0.6158996546875 0.363799821875 0.68226461875 0.370908778125 0.6962420453125 0.3915473484375 0.7038570625 0.41329983906249995 0.6976196359375 0.4126261265625 0.6731944109375 0.387112290625 0.50198794375 0.37334321406250004 0.4481007015625 0.36991008124999997 0.4361279484375 0.32529524374999996 0.4384442734375 0.344769975 0.6158996546875
0 0.263446378125 0.520071575 0.25661080625 0.49623310624999994 0.24609345781249997 0.46566182968750003 0.2153151171875 0.48012802499999996 0.21483595625000002 0.4993313171875 0.22971910625 0.60051809375 0.261137746875 0.7100879156250001 0.26494405 0.7156848203124999 0.26701604687499997 0.715090684375 0.276819725 0.709921325 0.2940903875 0.7021368546875 0.295102096875 0.6936705671875 0.2830319 0.6427424109375 0.263446378125 0.520071575
0 0.2364058359375 0.69081513125 0.21962660781249999 0.5550348859375 0.21713692031249998 0.546352309375 0.1957044109375 0.5148373015625001 0.1866341875 0.5147720796875 0.163044578125 0.5298548703125 0.163239890625 0.543413971875 0.1723634984375 0.573419490625 0.1828360515625 0.592136628125 0.1888066078125 0.636066534375 0.223901096875 0.758455559375 0.225679825 0.7579455171875 0.2406128296875 0.7467708828124999 0.24418050156249999 0.7321090328125 0.2364058359375 0.69081513125
0 0.15463826875 0.502209009375 0.1476395609375 0.5042158578125 0.134833009375 0.51021774375 0.1470650765625 0.6317501875 0.1756663625 0.731494725 0.17774848125 0.7308976859375 0.184558921875 0.7269352375 0.1876329265625 0.717717334375 0.17982496718750002 0.54491355625 0.177245909375 0.5324231671875 0.1762811 0.5290584734375 0.15463826875 0.502209009375
0 0.1960630015625 0.7207510515625 0.1951834921875 0.7087856203125 0.18873699531250002 0.6863040109375 0.11704904687499999 0.535167975 0.114166859375 0.5251165859375 0.11551634531249999 0.50848405625 0.112184325 0.503976840625 0.0949410953125 0.5114152578125 0.08823535625 0.5484893671875 0.09066771875 0.5640849343750001 0.1135420234375 0.6011796125 0.14173087812500001 0.6639212546875 0.1708193921875 0.7155745375 0.1800949734375 0.725329809375 0.1960630015625 0.7207510515625
0 0.1535375109375 0.64321349375 0.127226603125 0.601341615625 0.10769191250000001 0.55852811875 0.0792497265625 0.5135436453125 0.071180090625 0.4942803234375 0.0696973828125 0.494078071875 0.0657258328125 0.495216896875 0.0637130171875 0.5362783515625 0.1450855765625 0.6783398078125 0.150878871875 0.6831254078125 0.162168253125 0.67988823125 0.16386685625 0.6792361984374999 0.1535375109375 0.64321349375
0 0.1408294 0.7127017171875 0.11113236562499999 0.6091358484375 0.0889189578125 0.574145153125 0.0630111625 0.524073671875 0.0457900890625 0.5233831078125 0.0475046640625 0.5429808 0.07135421875 0.5839084406249999 0.08545356875 0.6180804265625001 0.10863728125000001 0.6553713359375 0.11157795 0.6654059578125 0.1081125578125 0.70934123125 0.11535724218750001 0.7275762859375 0.1394461578125 0.7206689015625 0.1408294 0.7127017171875
0 0.081974909375 0.60987771875 0.062805103125 0.543024659375 0.064364490625 0.5993292234375 0.067894846875 0.6139151125 0.081974909375 0.60987771875