0 0.6787109375 0.3333333328125 0.6533203125 0.328125 0.61328125 0.4921875 0.6279296875 0.53125 0.654296875 0.5442708328125 0.671875 0.4765625 0.689453125 0.3828125 0.685546875 0.3515625 0.6787109375 0.3333333328125
0 0.7060546875 0.3177083328125 0.69921875 0.3359375 0.66796875 0.5026041671875 0.6884765625 0.546875 0.71484375 0.5494791671875 0.734375 0.4401041671875 0.73828125 0.3515625 0.7353515625 0.3229166671875 0.7060546875 0.3177083328125
0 0.779296875 0.2942708328125 0.78125 0.2682291671875 0.7783203125 0.2552083328125 0.7431640625 0.2760416671875 0.73828125 0.3151041671875 0.736328125 0.4557291671875 0.7529296875 0.5 0.765625 0.4973958328125 0.7783203125 0.4947916671875 0.78515625 0.4817708328125 0.783203125 0.3098958328125 0.779296875 0.2942708328125
0 0.833984375 0.3046875 0.8271484375 0.2916666671875 0.7900390625 0.3125 0.787109375 0.3203125 0.787109375 0.5130208328125 0.7998046875 0.5625 0.822265625 0.5598958328125 0.8408203125 0.5572916671875 0.845703125 0.5494791671875 0.83984375 0.4817708328125 0.833984375 0.3046875
0 0.89453125 0.3463541671875 0.89453125 0.3203125 0.8837890625 0.23958333281250002 0.8466796875 0.2604166671875 0.837890625 0.2734375 0.84765625 0.4817708328125 0.8564453125 0.5260416671875 0.865234375 0.5234375 0.8916015625 0.515625 0.904296875 0.5026041671875 0.904296875 0.4348958328125 0.89453125 0.3463541671875
0 0.9765625 0.4869791671875 0.97265625 0.4192708328125 0.9609375 0.2786458328125 0.9541015625 0.25 0.90234375 0.2734375 0.91015625 0.5026041671875 0.9189453125 0.5572916671875 0.931640625 0.5546875 0.9580078125 0.5520833328125 0.9716796875 0.546875 0.974609375 0.5390625 0.9765625 0.4869791671875
0 1 0.2265625 0.9736328125 0.22916666718749998 0.970703125 0.23697916718749998 0.970703125 0.3463541671875 0.98046875 0.4973958328125 0.978515625 0.5390625 0.9833984375 0.5572916671875 1 0.5546875 1 0.2265625
0 0.43359375 0.4348958328125 0.3818359375 0.421875 0.375 0.4557291671875 0.3515625 0.6380208328125 0.3515625 0.6692708328125 0.3583984375 0.7083333328125 0.3974609375 0.734375 0.40625 0.7317708328125 0.41015625 0.7161458328125 0.412109375 0.6692708328125 0.4296875 0.5078125 0.43359375 0.4348958328125
0 0.2958984375 0.421875 0.267578125 0.6223958328125 0.267578125 0.6432291671875 0.2763671875 0.6822916671875 0.2998046875 0.6979166671875 0.31640625 0.6953125 0.322265625 0.6692708328125 0.33984375 0.4973958328125 0.33984375 0.4296875 0.2958984375 0.421875
0 0.216796875 0.4765625 0.2119140625 0.4270833328125 0.1787109375 0.4322916671875 0.173828125 0.4505208328125 0.16015625 0.6067708328125 0.16015625 0.6380208328125 0.1728515625 0.671875 0.185546875 0.6692708328125 0.2041015625 0.6666666671875 0.20703125 0.6588541671875 0.20703125 0.6067708328125 0.216796875 0.4765625
0 0.15625 0.6328125 0.166015625 0.5338541671875 0.166015625 0.4661458328125 0.1630859375 0.4583333328125 0.1357421875 0.46875 0.12890625 0.4817708328125 0.126953125 0.5234375 0.111328125 0.6640625 0.1259765625 0.703125 0.134765625 0.7057291671875 0.1611328125 0.6979166671875 0.1640625 0.6848958328125 0.162109375 0.6536458328125 0.15625 0.6328125
0 0.099609375 0.4505208328125 0.072265625 0.6171875 0.072265625 0.6328125 0.0888671875 0.6666666671875 0.109375 0.6640625 0.130859375 0.4609375 0.1279296875 0.4375 0.1044921875 0.4427083328125 0.099609375 0.4505208328125
0 0.099609375 0.4505208328125 0.0947265625 0.4270833328125 0.0791015625 0.4270833328125 0.072265625 0.4401041671875 0.05859375 0.4973958328125 0.048828125 0.5651041671875 0.037109375 0.6067708328125 0.0390625 0.6223958328125 0.0556640625 0.65625 0.07421875 0.6588541671875 0.076171875 0.6536458328125 0.0703125 0.6380208328125 0.0703125 0.6276041671875 0.099609375 0.4505208328125
0 0.076171875 0.4244791671875 0.0712890625 0.40625 0.0576171875 0.40625 0.052734375 0.4140625 0.017578125 0.5755208328125 0.0322265625 0.6145833328125 0.037109375 0.6119791671875 0.0390625 0.5911458328125 0.052734375 0.5390625 0.05859375 0.4921875 0.076171875 0.4244791671875
0 0 0.6276041671875 0.0087890625 0.6458333328125 0.03125 0.6432291671875 0.033203125 0.6223958328125 0.017578125 0.5807291671875 0.017578125 0.5703125 0.029296875 0.5286458328125 0.033203125 0.4921875 0.044921875 0.4453125 0.0419921875 0.4270833328125 0.0244140625 0.4322916671875 0.013671875 0.4869791671875 0 0.5338541671875 0 0.6276041671875
0 0.001953125 0.5234375 0.017578125 0.4661458328125 0.0185546875 0.4479166671875 0 0.4505208328125 0.001953125 0.5234375