0 0.7124550921874999 0.5234504953125 0.7122660921875 0.503896975 0.6901805890625 0.48755558125 0.5976229953125001 0.6152624656250001 0.5964272234375 0.618533221875 0.5968167656250001 0.6588340703125 0.614652753125 0.6797359625 0.61810879375 0.6813775484375 0.6568363921875 0.629748865625 0.7045496171875001 0.554777528125 0.7061094109375 0.5505110765625 0.7124550921874999 0.5234504953125
0 0.7688236265625 0.5192289546875 0.7430654609375 0.500913525 0.7306161343750001 0.5142525515624999 0.64822151875 0.6473021109375 0.646283221875 0.6526038703125 0.6506864578125 0.7003322453124999 0.6616972999999999 0.707064884375 0.675384575 0.7135662078125 0.729100528125 0.62492321875 0.7554887171875 0.562213365625 0.763882528125 0.53925405 0.7688236265625 0.5192289546875
0 0.7323636234374999 0.6858152953125 0.741675590625 0.6902383875 0.7701629328124999 0.65937445625 0.8052150625 0.5634975109375 0.8171537578124999 0.52993873125 0.825591596875 0.49275244375 0.7987268328125 0.46027647343750006 0.7986571734375 0.4602433859375 0.7914654515625 0.470832121875 0.7845836046875 0.4951148015625 0.7755536734375 0.50770251875 0.7463350656250001 0.5832472375 0.7163021328125 0.6653953390625 0.718021871875 0.6766031265625 0.7293972531249999 0.6839098984375 0.7323636234374999 0.6858152953125
0 0.8778391984375 0.5404554781249999 0.8611243625 0.53055138125 0.8406698453124999 0.5190401796875 0.8166290125 0.547454715625 0.7431666390625 0.748393940625 0.7550517265625001 0.763034840625 0.7595176593749999 0.765156115625 0.769577425 0.75786843125 0.8464939390625 0.60589428125 0.875456334375 0.556012334375 0.8789020125 0.5465874828125 0.8778391984375 0.5404554781249999
0 0.94725215625 0.5395406 0.940480209375 0.5240255515625 0.91827065625 0.5041920140625 0.9108674718750001 0.49758083124999997 0.88922884375 0.5340401484374999 0.81685571875 0.7207774703125 0.8210954718749999 0.736959871875 0.8462126937500001 0.769791809375 0.8504263140624999 0.7717932375000001 0.8838972125 0.7048920562500001 0.8918057921875 0.6809640046875 0.9087207359375 0.64493433125 0.94725215625 0.5395406
0 0.9165494437499999 0.8040448546875 0.9736325703125001 0.6809366203125 0.983894659375 0.6570981687499999 0.9884021593749999 0.6447689515625 0.990650415625 0.5481746640625 0.9782283484375001 0.5416995109375 0.9705046125000001 0.5366852703125 0.9665637671875 0.5348134078125 0.9405740890625 0.5805134640625 0.858418625 0.7855981828124999 0.897096125 0.8238602593750001 0.9015749046874999 0.8259876359374999 0.9165494437499999 0.8040448546875
0 0.9149123171875001 0.8323227765625001 0.919946925 0.82766570625 0.9645938031249999 0.7325974328125 0.98775235625 0.6726871328125 0.988760575 0.62936995 0.9146138671875 0.832181015625 0.9149123171875001 0.8323227765625001
0 0.349136734375 0.745742828125 0.396946359375 0.6149707281250001 0.413360465625 0.5219135796875001 0.42444783125 0.477396109375 0.4250460546875 0.461166184375 0.42077607187500005 0.45771302968749994 0.41565832187499996 0.45528214843750003 0.3730389078125 0.46256341093750003 0.355745771875 0.4960453078125 0.3471151703125 0.5251673140625 0.3190724546875 0.7050592124999999 0.316271359375 0.7389975265625 0.3181563578125 0.7398928828125 0.349136734375 0.745742828125
0 0.3322537359375 0.41952729843750003 0.3161204734375 0.4133984796875 0.3022449265625 0.434056703125 0.2300874828125 0.5811939171875 0.20803746250000002 0.6427001984375 0.22993317656249998 0.6597830515625 0.24807086093750003 0.6683982734375 0.3307596640625 0.5166765921875001 0.345055625 0.4775733171875 0.34874435312499996 0.44571321406250003 0.3322537359375 0.41952729843750003
0 0.24183642968750002 0.377666975 0.2284947203125 0.3713297921875 0.2088077109375 0.36678847812500004 0.1990419578125 0.3819223609375 0.142641484375 0.5223413296875 0.1340108828125 0.5514633359375 0.1369244734375 0.58736658125 0.1385006234375 0.588115234375 0.1499827125 0.59022589375 0.16729746406249998 0.5945024546875 0.23691843124999998 0.4040704984375 0.24183642968750002 0.377666975
0 0.10801537187500002 0.5868804796875 0.1213512734375 0.54896795 0.1568875578125 0.4667395390625 0.1743855359375 0.41887789687500004 0.17189144843749998 0.38197481718750004 0.1643827265625 0.37542231875 0.137541265625 0.37032583125 0.1312025375 0.38108478125 0.12440036406249999 0.4111236015625 0.124131921875 0.433288715625 0.08765953125 0.520924334375 0.06895989375 0.584022015625 0.06949096875 0.5918799265625 0.071659715625 0.5929100593750001 0.0980197828125 0.5958057984375 0.10801537187500002 0.5868804796875
0 0.1396423296875 0.3421416734375 0.1254904875 0.3340927375 0.12061497343750001 0.3317769171875 0.0942083453125 0.35319328125 0.0828908796875 0.3841495734375 0.050171762499999994 0.5271408609375 0.051925204687500004 0.536037325 0.064356525 0.5445921453125 0.07325401875000001 0.5488183671875 0.0821876890625 0.53376465625 0.08705211093750001 0.5204591609375 0.1396423296875 0.3421416734375
0 0.036412771875 0.5025576890625 0.039919482812500004 0.49314952187500005 0.12605847812499998 0.347484046875 0.1283481765625 0.3412211078125 0.1305573703125 0.3251201578125 0.1138004546875 0.31716078593749997 0.10493278749999999 0.324544121875 0.0723984109375 0.3710979640625 0.040142309375000004 0.42854313906249997 0.0153274390625 0.4609851171875 0.01427735 0.4638573859375 0.011392921875 0.47658014687500005 0.0160683609375 0.513350371875 0.0340659171875 0.521899034375 0.0368301875 0.5188946796875 0.036412771875 0.5025576890625
0 0 0.4608690875 0.000174678125 0.46095205781250004 0.000644709375 0.46095114531250003 0.0107509546875 0.44364011562499994 0.0442614484375 0.404441875 0.06837464843749999 0.36617194999999997 0.109017153125 0.31834545937500003 0.1127930046875 0.3080174953125 0.11441437968749998 0.29691694062499996 0.101589015625 0.29057131875 0.0939057578125 0.2951366046875 0.020731815625 0.38923353125000004 0 0.44594058593749997 0 0.4608690875
0 0 0.44360734375 0.0051054953125 0.4369496046875 0.0336316203125 0.40664148281249995 0.0719439734375 0.32506155312499996 0.074918753125 0.31692473125 0.07443595625 0.301398490625 0.0527364828125 0.29205054218750004 0.042437840625 0.30914909375 0.0397853 0.3534431265625 0.035533215624999996 0.36249724843750003 0.0077580374999999995 0.3926555734375 0 0.4051171734375 0 0.44360734375
0 0.0499310375 0.30952164375 0.033013996875 0.30371534375000003 0.011256071874999999 0.3632290875 0.01153991875 0.3633639140625 0.043352995312499996 0.32559000781249997 0.045935026562499995 0.320451803125 0.0499310375 0.30952164375