0 0.3039069765625 0.736002515625 0.2976682171875 0.6740999671875 0.29721277968750004 0.59740633125 0.2910725609375 0.5169901890624999 0.273017028125 0.4284388640625 0.222370796875 0.35281061406249997 0.16475906406250002 0.34028571875 0.1605817109375 0.3398962890625 0.1593992453125 0.3494952015625 0.18532572187500002 0.5409850828125 0.1975299796875 0.618773990625 0.20688048593750002 0.65541623125 0.2359945390625 0.7245613765625001 0.2496089796875 0.7469515390625 0.2938175375 0.7485149046874999 0.300392965625 0.748450121875 0.3039069765625 0.736002515625
0 0.362677990625 0.4661267515625 0.434730484375 0.747273221875 0.4510388109375 0.7478499390625 0.4731277328125 0.746626796875 0.42464111875 0.508829628125 0.4152893015625 0.47687338593749995 0.41044589374999996 0.46900595625 0.363345678125 0.4661503640625 0.362677990625 0.4661267515625
0 0.49361145781250004 0.4551767625 0.48477168125 0.4516116 0.44047807812500006 0.45004522968750005 0.44243571875 0.4840148828125 0.46818633125 0.6696351109374999 0.47161309687499997 0.686441296875 0.4845147859375 0.7350862140625 0.4975784609375 0.74770589375 0.5334729296875 0.7523212984375001 0.5437786531250001 0.7526857421875001 0.53614351875 0.6855087671875 0.5002352 0.4876621671875 0.49361145781250004 0.4551767625
0 0.5032958062499999 0.48425720781250003 0.502116209375 0.4919456125 0.5067379828125 0.5128585265625001 0.5761128875 0.8007189578125 0.580758815625 0.8087152375000001 0.5950628874999999 0.8120791109375001 0.6280909671875 0.8132470953125001 0.5627027015625 0.49255767031250003 0.5565119140625 0.48190247187499996 0.5032958062499999 0.48425720781250003
0 0.57649118125 0.393968915625 0.5700312765625 0.46376993750000006 0.631171340625 0.5565813140625 0.63529099375 0.556727 0.6438787828125 0.546785640625 0.6453838171874999 0.506147778125 0.63358085 0.44826144218749997 0.587601053125 0.37879969375 0.5817964515625 0.3785944234375 0.57649118125 0.393968915625
0 0.697296815625 0.5611683265625 0.7174127515625 0.565472984375 0.70808868125 0.5197441203125 0.6517800953124999 0.3654289484375 0.642660221875 0.3630226015625 0.6331414984375 0.39736691562500004 0.6880178124999999 0.548268315625 0.697296815625 0.5611683265625
0 0.8701570453125 0.6299036703125 0.8864611734375 0.66721653125 0.9042055703124999 0.6969584 0.9831476921875 0.699750059375 0.9807879500000001 0.6776275968750001 0.9644943453125 0.6195481453125 0.942603565625 0.5199192171875 0.9410858015624999 0.45835414218750004 0.9382095390625 0.442468653125 0.9234612078125 0.3701371109375 0.9221054531249999 0.3641629078125 0.9153393046874999 0.3480667234375 0.8878513531250001 0.20688831875 0.8775902828125 0.1980810875 0.81542736875 0.22703525781249997 0.8128777390625 0.23954500625000003 0.81658433125 0.2706528890625 0.8307636703125001 0.34896483749999996 0.827629553125 0.3742012296875 0.8302417328124999 0.420537709375 0.8358134765624999 0.4614694859375 0.8701570453125 0.6299036703125
0 1 0.2480076796875 0.9999104093750001 0.247649215625 0.9954519421875 0.239914534375 0.981038046875 0.23516962812500003 0.9280647671875 0.23444334531250002 1 0.5872416312500001 1 0.2480076796875
0 0.7638242296875 0.40163110468749996 0.7634496562499999 0.3993456578125 0.762354440625 0.3939742984375 0.7474177796875 0.36272311875 0.7219304265625001 0.3618217984375 0.7128392734375 0.36330864375 0.7112580875 0.37122076718749997 0.71908046875 0.4527578359375 0.7456310921875 0.582972396875 0.7474509828125 0.58714893125 0.749303146875 0.5872144296874999 0.7659386171875 0.5819339453125 0.774301721875 0.5685756515625 0.76885345625 0.453388284375 0.7638242296875 0.40163110468749996
0 0.7348839125 0.4978235796875 0.6909928359374999 0.396895878125 0.6858292890625 0.38877930625 0.658917259375 0.3813149265625 0.6562575859375 0.38874705625 0.6666635046875 0.4254266203125 0.733017940625 0.5990882140625 0.749880671875 0.5996845375000001 0.7589823109375 0.5995745890624999 0.7594330499999999 0.5982119499999999 0.74185100625 0.5119827906250001 0.7348839125 0.4978235796875
0 0.13197685312500002 0.613626209375 0.176213296875 0.615190559375 0.19015305 0.542076403125 0.1853562421875 0.5185509953125 0.18147852343749998 0.5031722296875001 0.1639320265625 0.46193720312500003 0.1341628203125 0.363503696875 0.13221324375000001 0.361349421875 0.11647087812500001 0.3607927203125 0.1107378328125 0.3671115359375 0.0892628625 0.44933586875 0.089083003125 0.46770639999999997 0.08161430625 0.48600665625 0.0908163578125 0.53113709375 0.1238314125 0.6131497 0.13197685312500002 0.613626209375
0 0.10610546093749999 0.5326928109375 0.10426355000000001 0.5170655703125 0.0897676484375 0.49517348906249997 0.0889115421875 0.4951432140625 0.08130166875 0.5264537609375 0.10938436562500001 0.6641822046875 0.1096691546875 0.6641922765625 0.12197826875 0.5770207921875 0.1176825109375 0.55595273125 0.11555639531249999 0.547953971875 0.10610546093749999 0.5326928109375