0 0.21283815781249998 0.8045045546875 0.22365727500000002 0.8030666640625 0.26895673593749997 0.789245971875 0.28391805937500003 0.7013444203125 0.2800792296875 0.6855311265624999 0.2759770171875 0.6707571984375 0.222339075 0.54523753125 0.1846863484375 0.47009811875 0.160172628125 0.40910048750000005 0.1504697796875 0.3971187578125 0.11296234375 0.39897894375 0.1004841734375 0.4006373265625 0.097873896875 0.42434916874999995 0.101915621875 0.47819496875 0.1350086078125 0.5973778359375 0.1383699015625 0.6071570937499999 0.20756645156250003 0.7962422953125 0.21283815781249998 0.8045045546875
0 0.36671100624999997 0.49354732187500006 0.3236502125 0.49605549531250004 0.3329243546875 0.5396468359375 0.3982799734375 0.7750220859375 0.41173972187499996 0.7732332484375 0.4293800109375 0.770073190625 0.4304922953125 0.761899275 0.41477326249999996 0.672674296875 0.4008089609375 0.604677634375 0.38729045625 0.5431236671875 0.38352945625 0.5295785984375 0.36671100624999997 0.49354732187500006
0 0.4347554015625 0.46213917968749996 0.3967686625 0.475082484375 0.3908537703125 0.489433003125 0.406470328125 0.546520353125 0.4828721734375 0.7350701296875 0.49839229218750003 0.76655365 0.5293686296875 0.7624368125000001 0.459061590625 0.5092292546875 0.438501328125 0.46164133593749995 0.4347554015625 0.46213917968749996
0 0.4636416234375 0.5201014453125 0.5459849953125 0.81665729375 0.5884207515625001 0.81101746875 0.589298925 0.8042391421874999 0.5458043671875 0.603434625 0.5258682359375 0.5193039890625 0.5174181296875 0.48887132343750006 0.4624120328125 0.48654410625000005 0.4600028921875 0.5051394124999999 0.4636416234375 0.5201014453125
0 0.5268811984374999 0.370240478125 0.5214535625 0.38714297656249996 0.5143680265625 0.4566465984375 0.5166607640625 0.46490379062500004 0.57191788125 0.5471890625 0.5754094390625 0.546725025 0.58422616875 0.5344989953125 0.5879581640625 0.46178835312500005 0.5831332078125 0.44441149218750003 0.532517925 0.36945616718749996 0.5268811984374999 0.370240478125
0 0.5701731765625 0.3486353015625 0.5808013390625 0.387488046875 0.64692779375 0.5441494515625 0.65133145 0.5446960515625 0.656191040625 0.5440501984375 0.6627212765625 0.5117631265625 0.6589633234375001 0.4982290296875 0.601669828125 0.36206821875 0.5919269093749999 0.350215053125 0.5701731765625 0.3486353015625
0 0.9103450234375 0.5433118859375 0.8594562531250001 0.36003832812500003 0.8462751265625 0.3230482984375 0.8325312609375001 0.2972987484375 0.8144508203124999 0.21908905625 0.80528938125 0.1878852671875 0.7974528140625 0.1750505375 0.721491046875 0.1413557265625 0.714617403125 0.14953708593749998 0.739943271875 0.26605767187499996 0.8455115484375 0.64625695625 0.9032688906249999 0.6385808515625 0.90798764375 0.6152714125000001 0.9103450234375 0.5433118859375
0 1 0.42201529375 0.9253821375 0.153282503125 0.9162352796875 0.15449814687500002 0.8759720625 0.163537578125 0.8644855687499999 0.1709309734375 0.8640246609375 0.17915905625 0.9063616296875001 0.34578748125000003 0.9312565203125001 0.42846569062500006 0.9446257828125001 0.4533486265625 0.9676574703125 0.5363448375 0.972786171875 0.54361891875 1 0.545156740625 1 0.42201529375
0 0.68802863125 0.32684912499999996 0.68595059375 0.3271253015625 0.6708001796875 0.334172978125 0.6651789609375001 0.34848446875 0.693369078125 0.4631339375 0.7102777921875 0.5200495546874999 0.732802853125 0.5518590765625 0.7409079453125 0.552138128125 0.7551954453125 0.55023928125 0.7589678125 0.549147965625 0.7039222656249999 0.35090396875 0.68802863125 0.32684912499999996
0 0.683271621875 0.46259502656249996 0.6338473640625 0.367805228125 0.6283328640625 0.3606176546875 0.6023735718750001 0.35991378125 0.6004604171875 0.36846396875 0.613196346875 0.4043905578125 0.6897334953125001 0.5702251171875 0.692982484375 0.5697933171875 0.714108 0.5635278718750001 0.714959296875 0.559331115625 0.692413628125 0.47813393125000003 0.683271621875 0.46259502656249996
0 0.1873328421875 0.6663745015625 0.1546329546875 0.5486073671875 0.145050509375 0.5337237125 0.0958572578125 0.4376831765625 0.09027168906250001 0.43293405937499996 0.0808367734375 0.43123701875 0.07303039375 0.44267102031250005 0.067565753125 0.52567080625 0.0709843546875 0.5439381203125 0.0646988265625 0.5738330109375 0.1343904453125 0.6863986703125 0.16783819375 0.6863417171874999 0.18740859999999998 0.683740759375 0.1873328421875 0.6663745015625
0 0.068390021875 0.610913740625 0.066093978125 0.6278109328125 0.0709034484375 0.6542773765625001 0.131594115625 0.7523862968749999 0.088869459375 0.59851541875 0.068372184375 0.5709110046875 0.0674665875 0.5710313609375001 0.0632835984375 0.595469871875 0.068390021875 0.610913740625