0 0.216796875 0.3984375 0.205078125 0.3307291671875 0.1962890625 0.3072916671875 0.1455078125 0.3125 0.138671875 0.3255208328125 0.12890625 0.3880208328125 0.109375 0.4661458328125 0.083984375 0.6067708328125 0.083984375 0.6223958328125 0.1220703125 0.7083333328125 0.181640625 0.7161458328125 0.185546875 0.7057291671875 0.208984375 0.5130208328125 0.216796875 0.4348958328125 0.216796875 0.3984375
0 0.30078125 0.5286458328125 0.298828125 0.6640625 0.3095703125 0.7083333328125 0.353515625 0.7109375 0.35546875 0.4296875 0.3076171875 0.4322916671875 0.3046875 0.4401041671875 0.30078125 0.5286458328125
0 0.3818359375 0.4114583328125 0.376953125 0.4453125 0.365234375 0.6380208328125 0.369140625 0.6953125 0.3798828125 0.7083333328125 0.42578125 0.7161458328125 0.431640625 0.6484375 0.435546875 0.4192708328125 0.4189453125 0.4114583328125 0.3818359375 0.4114583328125
0 0.435546875 0.4505208328125 0.435546875 0.4713541671875 0.44140625 0.7578125 0.4443359375 0.765625 0.4716796875 0.7708333328125 0.498046875 0.7682291671875 0.5 0.4557291671875 0.4931640625 0.4375 0.4384765625 0.4427083328125 0.435546875 0.4505208328125
0 0.5361328125 0.3333333328125 0.50390625 0.4140625 0.50390625 0.4296875 0.5263671875 0.5 0.541015625 0.5130208328125 0.578125 0.4192708328125 0.5517578125 0.3489583328125 0.5419921875 0.3333333328125 0.5361328125 0.3333333328125
0 0.61328125 0.3359375 0.587890625 0.4869791671875 0.6044921875 0.5208333328125 0.61328125 0.5182291671875 0.640625 0.3567708328125 0.6416015625 0.3177083328125 0.6201171875 0.3229166671875 0.61328125 0.3359375
0 0.884765625 0.4557291671875 0.89453125 0.3932291671875 0.89453125 0.3411458328125 0.892578125 0.2994791671875 0.888671875 0.2838541671875 0.88671875 0.1432291671875 0.8779296875 0.1354166671875 0.8095703125 0.171875 0.8046875 0.1848958328125 0.802734375 0.21614583281250002 0.802734375 0.2942708328125 0.794921875 0.3203125 0.7890625 0.3671875 0.78125 0.5390625 0.80078125 0.6119791671875 0.8134765625 0.640625 0.888671875 0.6432291671875 0.892578125 0.6380208328125 0.89453125 0.6119791671875 0.888671875 0.5546875 0.884765625 0.4557291671875
0 1 0.1796875 0.9755859375 0.1770833328125 0.9287109375 0.1875 0.92578125 0.1953125 0.927734375 0.2786458328125 0.921875 0.3046875 0.921875 0.3880208328125 0.9296875 0.5546875 0.9326171875 0.5625 0.9462890625 0.5677083328125 1 0.5703125 1 0.1796875
0 0.72265625 0.3515625 0.7119140625 0.3125 0.6923828125 0.3177083328125 0.681640625 0.3307291671875 0.66796875 0.4453125 0.6640625 0.5026041671875 0.6748046875 0.5364583328125 0.689453125 0.5390625 0.7099609375 0.5364583328125 0.712890625 0.5286458328125 0.72265625 0.3880208328125 0.72265625 0.3515625
0 0.6455078125 0.3385416671875 0.642578125 0.3463541671875 0.626953125 0.4453125 0.61328125 0.5078125 0.6162109375 0.5208333328125 0.6318359375 0.546875 0.658203125 0.5494791671875 0.67578125 0.3776041671875 0.67578125 0.3411458328125 0.6708984375 0.3333333328125 0.6455078125 0.3385416671875
0 0.119140625 0.4088541671875 0.0927734375 0.3333333328125 0.0400390625 0.3385416671875 0.009765625 0.4557291671875 0.0263671875 0.484375 0.029296875 0.5026041671875 0.0634765625 0.5833333328125 0.0751953125 0.59375 0.083984375 0.5911458328125 0.087890625 0.5859375 0.103515625 0.4869791671875 0.115234375 0.4453125 0.119140625 0.4088541671875
0 0 0.6536458328125 0.0029296875 0.6614583328125 0.009765625 0.6588541671875 0.0390625 0.5494791671875 0.03515625 0.5234375 0.02734375 0.5078125 0.02734375 0.4921875 0.0146484375 0.46875 0 0.5078125 0 0.6536458328125